5
27
158
275
412
538
605
819
1068
1296
1089
899
745
660
618
595
633
703
802
905
1008
1260
1465
1625
1770
1939
1685
1850
1990
2187
2397
2188
2030
1845
1655
1478
1363
1219
1145
1030
954
831
753
706
687
664
654
644
669
769
940
1092
1221
1326
1425
1573
1766
1913
2039
2170
2347
2566
2803
2637
2457
2296
2124
1980
1901
1945
2066
2205
2412
2666
2452
2655
2457
2311
2178
2166
2150
2160
2174
2205
2385
2600
2770
2925
3169
2958
2840
2713
2643
2635
2595
2625
2643
2700
2793
3031
2852
2718
2689
2691
2754
2813
2931
3062
3202
3376
3622
3848
4051
4230
4380
4579
4806
4628
4496
4385
4260
4155
4058
3989
3944
3964
4131
4277
4399
4598
4833
4603
4416
4646
4416
4200
4013
3826
3675
3477
3234
2979
3221
3040
3278
3491
3666
3854
4064
4317
4067
3872
3728
3557
3378
3211
3175
3201
3301
3472
3602
3720
3873
3659
3480
3396
3356
3361
3471
3612
3749
3945
4150
4355
4598
4822
4957
5068
5173
5323
5427
5638
5774
5915
6102
6310
6535
6357
6205
6072
5947
5811
5671
5596
5644
5671
5673
5693
5749
5779
5828
5988
6209
6443
6197
5942
6195
5962
5804
5663
5475
5242
5472
5687
5877
6124
5912
5662
5882
6115
5929
5786
5652
5573
5546
5510
5605
5671
5776
5917
6102
6240
6327
6424
6548
6801
6603
6401
6212
6032
5927
5803
5656
5557
5503
5474
5466
5454
5589
5703
5792
5928
6083
6290
6488
6682
6901
7121
7358
7232
7141
7030
6872
6669
6555
6348
6198
6101
6017
5942
5876
5865
5849
5890
5944
6060
6250
5998
5782
5661
5584
5516
5476
5541
5735
5914
6152
6403
6217
6008
6222
6412
6597
6810
6618
6863
6642
6464
6303
6128
5936
5752
5633
5637
5582
5510
5473
5415
5333
5268
5239
5279
5366
5427
5507
5698
5941
5733
5538
5375
5208
5070
4958
4921
5033
5125
5168
5235
5391
5506
5630
5776
5931
6141
5890
6124
6350
6592
6379
6297
6277
6225
6243
6296
6444
6541
6648
6783
6949
7142
7331
7505
7692
7888
8122
7919
8139
7896
7698
7454
7252
7071
6908
6854
6825
6782
6722
6657
6620
6608
6661
6655
6632
6756
6856
6992
7196
7305
7466
7659
7461
7254
7076
6902
6729
6705
6634
6514
6383
6276
6076
5851
5682
5566
5409
5345
5290
5208
5117
5043
4964
4876
4845
4827
4940
5115
5257
5473
5248
5057
4961
4818
4720
4632
4673
4773
4882
4991
5138
5360
5611
5841
6096
5844
5609
5400
5177
4973
4777
4570
4359
4176
4116
4091
4045
4035
4047
4072
4129
4177
4221
4294
4393
4496
4674
4869
5044
5170
5285
5385
5509
5540
5627
5673
5732
5800
5961
6144
6336
6583
6803
7014
7245
7471
7689
7452
7227
7064
6972
6839
6741
6678
6564
6555
6577
6728
6875
7007
7152
7335
7081
6899
6697
6918
7115
7283
7500
7671
7792
7942
7687
7474
7282
7108
7043
6997
6959
6910
6857
6869
6822
6922
7057
7171
7353
7582
7343
7126
6927
6839
6803
6799
6916
7024
7128
7233
7487
7721
7908
8050
8177
8211
8298
8394
8583
8794
9014
8773
8524
8291
8120
7920
7794
7627
7448
7305
7307
7404
7545
7731
7945
8190
8431
8219
8016
7813
7648
7555
7373
7185
6968
6800
6677
6582
6467
6398
6315
6240
6160
6108
6081
6177
6214
6234
6401
6603
6784
6941
7115
7325
7092
7345
7108
6932
6770
6729
6679
6625
6571
6592
6630
6817
7040
7243
7421
7652
7904
7653
7454
7271
7080
6901
6784
6635
6445
6243
6075
6002
5973
5897
5771
5673
5571
5528
5498
5506
5548
5662
5753
5889
5979
6019
6088
6264
6365
6491
6663
6852
6638
6450
6244
6058
5867
5701
5600
5622
5585
5695
5840
5964
6105
6315
6430
6567
6815
6603
6452
6333
6243
6157
6071
6002
5969
5891
5764
5626
5473
5344
5304
5171
5000
4787
4667
4602
4589
4596
4598
4591
4641
4822
4974
5094
5288
5441
5582
5356
5225
5047
4878
4737
4701
4696
4820
5003
5187
4934
4752
4547
4318
4572
4359
4612
4460
4288
4141
3998
3901
3913
3911
3898
3881
3888
3960
4155
4334
4148
3941
3777
3635
3512
3441
3431
3412
3393
3449
3522
3744
3955
3743
3950
4132
4370
4149
4402
4614
4839
4595
4360
4180
3973
3786
3615
3436
3314
3204
3225
3214
3273
3320
3406
3445
3434
3468
3607
3777
3564
3412
3319
3260
3273
3266
3254
3213
3122
3060
3002
2990
2996
3111
3245
3387
3525
3691
3881
4012
3778
3579
3356
3201
3093
3007
2940
2934
3049
3160
3296
3436
3651
3503
3310
3069
2816
3060
2816
2661
2413
2652
2432
2225
2040
1898
1811
1715
1639
1576
1575
1545
1585
1664
1779
1527
1309
1186
1107
978
877
807
722
696
679
662
683
779
947
1091
1280
1497
1739
1986
1742
1607
1497
1373
1257
1137
1045
977
850
707
711
694
694
763
875
892
884
987
1081
1204
1352
1504
1657
1885
1750
1595
1393
1146
1362
1567
1757
2003
2211
2378
2558
2747
2958
3189
3436
3678
3465
3265
3196
3189
3153
3076
2987
2993
3044
3170
3367
3475
3578
3729
3925
4075
4254
4028
3827
3630
3479
3346
3238
3150
3070
2979
2883
2815
2772
2794
2799
2839
2858
2853
2865
2924
2888
2866
2876
3007
3163
3320
3552
3307
3554
3754
3906
4046
4171
4385
4506
4602
4751
4910
5090
5322
5527
5748
5519
5773
5995
5779
5551
5468
5419
5465
5555
5598
5669
5845
6052
6244
6474
6264
6034
5781
6016
6246
6012
5823
5585
5454
5248
5021
4799
4623
4489
4376
4372
4396
4445
4559
4614
4652
4837
4998
5236
4998
4807
4659
4622
4599
4697
4786
4871
4960
5049
5213
5014
4851
4641
4386
4631
4861
4636
4464
4305
4189
4082
4026
3943
3855
3824
3806
3919
4094
4240
4460
4668
4915
4685
4600
4550
4453
4305
4262
4348
4495
4627
4768
4910
5127
4903
4660
4465
4224
4090
3881
3697
3499
3284
3058
2897
2883
2904
2904
2879
2890
2945
2974
3025
3095
3178
3293
3529
3756
4009
3825
3790
3735
3635
3442
3224
3062
2953
2806
2618
2473
2337
2174
2031
1883
1726
1582
1569
1618
1638
1625
1571
1505
1474
1487
1453
1368
1293
1323
1349
1388
1427
1541
1636
1707
1772
1886
2045
2154
2292
2537
2761
2519
2320
2142
1989
1822
1638
1462
1281
1165
1172
1326
1459
1669
1436
1250
1086
974
923
863
799
810
801
745
674
510
402
347
302
350
419
531
695
875
1050
1217
1441
1284
1094
978
821
699
621
492
492
488
469
509
562
616
708
871
985
1206
1352
1502
1698
1920
2124
2348
2580
2324
2133
1883
2129
1898
1642
1404
1213
1065
822
1066
859
648
466
309
169
178
223
248
226
155
73
0
24
137
157
136
128
129
185
214
235
276
333
385
494
734
524
388
323
217
256
329
497
709
949
708
596
480
349
231
122
48
0
0
0
0
45
44
0
107
139
151
205
280
373
448
551
719
871
1002
1210
1454
1603
1726
1871
2035
1798
1622
1478
1455
1423
1387
1355
1323
1246
1258
1245
1191
1150
1118
1108
1141
1183
1276
1361
1462
1694
1476
1229
1056
954
811
707
748
742
764
817
931
1041
1210
1392
1583
1337
1162
968
750
580
361
170
416
175
0
21
68
101
153
213
262
307
380
576
755
969
1201
957
756
972
1210
1047
936
839
774
738
727
717
724
684
599
465
320
150
0
0
10
113
259
414
624
373
607
833
604
387
301
174
86
34
127
254
476
230
449
618
380
173
0
61
107
166
263
395
598
777
951
1096
1289
1527
1360
1198
1082
991
886
801
724
675
650
690
853
651
484
296
185
92
35
25
58
0
0
22
63
165
299
554
805
573
345
192
56
0
0
0
0
0
89
85
56
84
74
73
94
170
219
288
352
407
475
674
423
655
449
313
213
157
50
0
10
48
191
365
598
844
1099
1354
1135
991
828
642
879
1110
874
667
485
307
175
86
18
0
109
244
361
498
643
777
906
1063
831
1052
1257
1497
1302
1154
1049
849
671
604
598
606
735
855
971
1116
1278
1391
1493
1619
1652
1660
1724
1747
1783
1912
2062
2221
2432
2616
2795
2965
3192
3432
3639
3408
3648
3876
3628
3525
3466
3360
3203
3091
3007
3052
3158
3273
3388
3538
3763
3965
4138
4356
4528
4728
4523
4298
4077
3902
3748
3612
3462
3340
3242
3209
3117
3009
3048
3062
3153
3313
3520
3701
3934
3716
3512
3340
3159
3003
2922
2821
2709
2686
2684
2725
2821
2969
3090
3231
3384
3156
2990
2795
2671
2506
2329
2187
2190
2228
2219
2159
2144
2234
2355
2472
2574
2689
2805
2959
3184
3386
3564
3696
3935
4099
4306
4530
4351
4155
3978
3866
3877
4035
4172
4386
4618
4406
4611
4415
4233
4083
4054
4016
3982
3983
3964
3898
3787
3651
3474
3310
3155
3055
3006
2974
3004
3104
3192
3319
3482
3689
3941
3690
3477
3298
3100
3325
3521
3762
3598
3359
3145
2935
2768
2622
2501
2388
2303
2243
2248
2194
2287
2355
2500
2663
2869
3094
2918
2774
2630
2561
2509
2493
2430
2318
2195
2096
2086
2051
2069
2049
1987
1935
1976
2038
2143
2257
2388
2531
2736
2912
3056
3274
3451
3663
3910
3740
3523
3315
3135
3060
3013
3095
3238
3394
3559
3724
3964
3764
3544
3319
3065
2856
3109
2879
2756
2558
2402
2267
2150
2142
2159
2196
2241
2314
2411
2573
2346
2154
1941
1704
1484
1333
1229
1030
805
599
504
470
449
460
592
715
834
982
1134
1361
1605
1829
2005
2156
2360
2522
2697
2882
3088
2837
3071
3325
3084
2838
2604
2501
2472
2514
2544
2609
2819
3064
2892
2764
2681
2607
2564
2549
2595
2637
2664
2725
2861
3069
3257
3490
3677
3815
3878
3966
4058
4193
4349
4102
4349
4104
3883
3727
3555
3530
3484
3413
3419
3443
3514
3559
3626
3745
3925
3714
3494
3270
3050
2847
2793
2728
2687
2608
2622
2645
2723
2792
2881
2962
3100
3250
3019
2776
2628
2524
2370
2225
2108
2096
2112
2257
2463
2665
2880
3104
2854
2638
2494
2330
2143
2379
2586
2838
3041
3169
3322
3479
3682
3868
4062
4245
4456
4220
4107
4141
4154
4244
4370
4543
4759
4997
4742
4598
4506
4427
4380
4359
4342
4325
4457
4569
4636
4655
4581
4482
4439
4449
4472
4517
4535
4544
4548
4544
4597
4712
4794
4947
5059
5210
5405
5553
5650
5792
5962
5725
5516
5368
5216
5049
4882
4692
4925
5153
5352
5599
5800
5952
6132
5907
5707
5550
5410
5379
5374
5351
5348
5353
5347
5282
5252
5201
5125
5126
5145
5200
5160
5094
5139
5245
5365
5517
5278
5030
4778
4555
4357
4163
3970
3852
3751
3799
3802
3793
3769
3769
3858
4004
4108
4305
4545
4794
4583
4363
4160
3948
3793
3651
3571
3462
3427
3462
3456
3438
3565
3727
3933
4092
4200
4353
4516
4707
4491
4302
4174
4031
3897
3798
3770
3723
3587
3427
3261
3140
3048
3063
3003
2968
2954
3049
3163
3266
3394
3463
3567
3748
3965
3738
3558
3795
3542
3341
3131
2950
2786
2771
2792
2766
2725
2773
2728
2641
2564
2580
2605
2685
2816
2920
3081
3255
3048
2903
2729
2625
2480
2371
2407
2538
2713
2837
3006
3185
2957
2756
2551
2355
2160
2003
1917
1826
1706
1634
1607
1531
1483
1542
1526
1515
1546
1598
1668
1763
1878
2001
2119
2360
2542
2708
2909
3089
3244
3417
3626
3391
3643
3415
3178
2966
2771
2725
2715
2658
2556
2405
2243
1988
2220
1996
1785
1584
1404
1233
1114
1011
879
715
621
486
339
228
212
240
217
204
222
369
577
781
532
296
60
0
35
141
228
291
461
556
676
838
1021
1222
1020
843
674
494
342
313
225
121
164
186
285
420
598
681
739
819
917
1126
875
685
509
365
342
310
307
304
376
465
590
666
731
781
738
751
817
842
880
927
1067
1250
1488
1718
1968
2209
1995
1749
1974
1722
1615
1552
1499
1474
1554
1693
1841
1989
2175
1924
2166
1944
1767
1544
1301
1083
869
701
576
433
310
334
393
431
486
577
737
944
1194
1349
1479
1631
1382
1146
942
859
767
704
645
661
694
876
1013
1139
1289
1346
1378
1423
1523
1674
1817
1955
2084
2226
1987
2231
2442
2215
2059
1862
1704
1581
1603
1575
1592
1618
1672
1831
2021
1828
1620
1421
1260
1134
1083
1103
1118
1104
1138
1217
1247
1305
1368
1452
1553
1763
1999
2221
2462
2711
2956
2713
2593
2457
2468
2454
2517
2598
2715
2900
3132
3339
3145
3003
2922
2854
2777
2696
2641
2590
2614
2673
2712
2706
2652
2583
2489
2357
2238
2128
2111
2103
2150
2170
2182
2214
2258
2273
2256
2313
2405
2642
2402
2206
1963
2181
2409
2156
1930
1700
1529
1371
1222
1111
1035
939
820
612
399
157
0
45
41
0
0
25
55
131
249
388
636
870
1087
1312
1526
1735
1969
2144
2302
2495
2667
2815
2999
3251
3010
2880
2802
2737
2704
2662
2616
2599
2586
2590
2630
2621
2597
2597
2686
2737
2881
3034
3239
3417
3586
3812
3657
3564
3545
3597
3608
3607
3645
3718
3936
4189
3975
3792
3636
3476
3329
3257
3257
3237
3194
3122
3004
2915
2872
2871
2888
3014
3126
3220
3334
3443
3580
3782
3925
4047
4187
4363
4607
4756
4880
5022
5196
4979
4753
4553
4353
4170
4136
4082
3980
3863
3721
3537
3366
3205
3137
3112
3096
3053
3026
3056
3217
3440
3631
3861
3614
3512
3505
3451
3347
3288
3238
3216
3299
3410
3650
3899
4148
4378
4585
4703
4815
4898
5030
5207
5338
5419
5505
5637
5790
5968
6132
6316
6524
6367
6189
5987
5862
5773
5731
5732
5708
5706
5722
5752
5903
6083
6338
6230
6157
6064
5924
5769
5638
5596
5529
5519
5471
5381
5304
5237
5191
5188
5237
5306
5370
5425
5537
5662
5406
5212
4985
4832
4750
4627
4492
4396
4335
4369
4356
4293
4239
4213
4292
4399
4567
4720
4932
5153
5374
5121
5291
5437
5554
5720
5931
6092
6282
6497
6716
6469
6240
6120
6025
5913
5820
5723
5650
5642
5575
5543
5487
5448
5445
5511
5624
5780
5841
5877
5935
6011
6198
6417
6627
6866
7106
6909
6729
6584
6391
6183
6031
5841
5610
5388
5259
5139
5074
5001
4923
4857
4922
5061
5159
5402
5228
5004
4776
4533
4349
4174
3999
3859
3699
3450
3196
2990
2738
2515
2271
2070
1886
1685
1503
1329
1144
955
794
574
337
247
234
239
280
389
545
745
850
977
1122
1299
1085
862
668
500
481
497
465
421
362
210
20
0
93
229
417
596
795
1011
1218
970
735
983
793
673
589
650
806
1006
1159
1261
1424
1596
1843
1650
1880
2086
2286
2457
2582
2814
2559
2309
2101
1911
1746
1589
1460
1454
1389
1300
1288
1293
1334
1422
1532
1656
1812
1959
2106
2328
2530
2687
2829
2995
3250
3412
3627
3804
3991
4233
4466
4716
4961
5197
5446
5245
5003
4749
4530
4355
4133
3921
3737
3584
3458
3461
3525
3585
3704
3832
3961
4128
4370
4589
4779
5017
4772
4634
4421
4233
4091
3991
3917
3862
3796
3726
3721
3839
3898
3936
3949
4039
4165
4360
4602
4749
4870
5013
5208
4952
4710
4589
4459
4325
4195
4045
3846
3632
3442
3341
3215
3182
3192
3257
3374
3482
3610
3755
3912
4131
4321
4070
3858
3681
3649
3712
3904
4157
4395
4642
4412
4257
4052
3954
3781
3633
3490
3389
3397
3431
3473
3543
3637
3854
4012
4154
3931
3687
3520
3370
3267
3208
3171
3166
3282
3389
3492
3620
3749
3953
3794
3670
3499
3280
3049
2803
2581
2778
2950
3132
3335
3581
3836
4064
4309
4545
4752
4927
5172
4941
4855
4864
4917
4998
5208
4967
4711
4514
4330
4155
4018
3956
3965
3955
3922
3800
3654
3479
3352
3270
3142
2965
2816
2592
2373
2200
2069
1959
1958
1953
2013
2056
2246
2412
2646
2412
2664
2426
2207
2001
1827
1649
1497
1345
1268
1340
1448
1536
1577
1573
1527
1574
1676
1798
1937
2133
2341
2099
1931
1751
1610
1504
1493
1431
1414
1502
1621
1869
1666
1459
1237
1028
857
761
737
690
619
542
514
531
502
519
578
655
841
1052
1246
1429
1640
1875
2094
1948
1837
1701
1642
1619
1643
1711
1753
1817
1900
2094
2340
2135
1943
1783
1744
1701
1687
1690
1842
1974
2059
2129
2288
2504
2729
2976
2754
2587
2393
2190
2044
1911
1909
1878
1814
1709
1592
1511
1464
1522
1608
1823
1585
1347
1181
995
785
624
417
672
522
415
329
260
300
323
365
415
461
535
674
424
627
813
1034
1234
1452
1706
1516
1373
1274
1149
1046
995
976
948
949
951
988
1005
975
900
777
642
531
327
176
0
13
48
56
80
99
175
264
415
537
733
917
1140
996
886
871
900
879
903
955
1034
1242
999
1253
1054
868
683
536
423
291
153
60
0
0
109
204
282
379
465
579
758
921
719
496
248
77
0
44
110
194
389
193
0
26
69
92
68
0
24
137
225
323
442
570
753
909
1057
1225
1409
1588
1824
1622
1455
1383
1264
1172
1209
1307
1401
1480
1618
1769
1929
2090
2289
2522
2318
2186
2034
1859
1655
1500
1295
1119
868
1108
861
657
474
400
312
213
109
33
0
65
253
382
546
686
903
1137
928
1136
1318
1519
1269
1032
791
579
393
282
151
0
0
0
24
137
225
370
568
724
893
1072
832
613
437
313
162
2
0
57
245
495
716
905
656
446
271
241
306
321
381
472
590
837
633
414
208
11
0
75
222
280
332
355
423
445
496
472
490
529
586
752
943
1154
1373
1587
1829
1584
1404
1347
1231
1098
1112
1105
1134
1232
1377
1565
1352
1171
981
787
622
483
344
222
136
30
0
0
0
24
137
157
139
80
34
0
93
208
366
533
755
968
1198
973
879
847
782
788
782
810
933
1100
1220
1368
1544
1337
1115
906
706
506
341
156
20
0
107
139
217
404
617
816
997
1186
1364
1570
1801
1585
1352
1266
1198
1166
1181
1101
995
911
879
879
875
897
919
1016
1093
1123
1138
1177
1305
1486
1680
1884
2097
1853
2094
2326
2553
2793
2583
2344
2175
1965
1794
1659
1619
1623
1576
1574
1600
1654
1769
1880
1976
2131
2295
2459
2658
2420
2674
2839
2980
3092
3253
3459
3619
3807
4000
4214
4445
4273
4127
4000
3881
3758
3659
3625
3532
3423
3293
3138
3019
2969
2966
2868
2792
2734
2728
2783
2870
2948
3055
3188
3396
3621
3799
3932
4016
4085
4061
4012
3973
3955
3980
4060
4192
4315
4455
4590
4716
4904
5063
5190
5391
5551
5699
5886
5706
5621
5580
5492
5353
5224
5123
5053
5112
5230
5357
5518
5754
5971
6099
6221
6392
6608
6778
6873
6947
7067
7230
7414
7615
7842
8055
8250
8465
8688
8939
8702
8530
8299
8215
8110
8052
7969
7908
7865
7883
7915
7938
7990
8067
8145
8372
8122
8337
8541
8652
8738
8877
9029
9190
9444
9195
9001
8859
8708
8577
8438
8430
8484
8509
8501
8567
8704
8880
9091
8885
8723
8514
8333
8257
8310
8422
8547
8681
8853
9100
8907
8691
8898
9099
9271
9394
9545
9291
9042
8839
8678
8538
8507
8459
8430
8409
8377
8341
8333
8349
8430
8634
8873
8677
8525
8395
8376
8409
8474
8660
8875
9115
9356
9160
8981
8755
8996
9225
9478
9308
9557
9781
9550
9340
9173
9015
8912
8861
8830
8794
8729
8631
8607
8654
8689
8763
8872
9126
8912
9163
9364
9610
9865
9639
9441
9304
9152
9013
8883
8828
8844
8837
8825
8784
8850
8841
8857
8890
9032
9202
8983
9217
9435
9632
9394
9173
8988
8872
8803
8777
8656
8646
8650
8686
8713
8736
8788
8795
8753
8700
8671
8731
8753
8733
8806
8922
9093
9316
9559
9306
9560
9806
9552
9781
9978
9733
9959
10173
10020
9902
9828
9782
9767
9779
9920
10120
10333
10547
10799
10610
10402
10170
9932
9743
9599
9405
9318
9256
9199
9184
9190
9214
9263
9332
9409
9514
9684
9837
10025
10192
10335
10546
10292
10082
9894
9817
9736
9680
9625
9587
9698
9789
9833
9832
9819
9830
9930
9992
10013
10047
10090
10155
10263
10426
10580
10754
10920
11098
11338
11549
11728
11895
11695
11590
11529
11477
11453
11534
11643
11881
11666
11464
11262
11098
11009
10992
10952
10888
10818
10797
10730
10691
10632
10598
10610
10643
10662
10676
10718
10701
10831
11038
11281
11081
11298
11489
11741
11602
11454
11335
11242
11149
11131
11130
11278
11462
11626
11778
11837
11871
11958
12007
12015
12032
12142
12295
12503
12251
12484
12708
12924
12685
12458
12362
12234
12180
12196
12171
12185
12235
12430
12578
12675
12817
12969
13149
12922
12726
12591
12452
12298
12203
12117
12106
12075
12021
11878
11711
11539
11412
11235
11063
10912
10750
10616
10506
10519
10473
10411
10384
10336
10263
10267
10289
10379
10516
10697
10852
10606
10412
10279
10137
10024
9928
9981
10070
10139
10159
10236
10366
10458
10559
10682
10860
11054
11243
11494
11716
11906
11654
11902
11783
11708
11678
11676
11702
11789
11889
11998
12107
12254
12476
12258
12020
11777
12025
11786
11593
11418
11352
11268
11204
11135
11101
11043
11002
11008
11058
11082
11128
11193
11369
11597
11374
11272
11161
11046
10960
10878
10813
10783
10706
10581
10444
10292
10229
10128
10049
10013
10032
10102
10164
10246
10344
10499
10667
10454
10315
10246
10212
10127
10087
10078
10198
10314
10415
10575
10748
10922
11171
10979
10764
10525
10281
10520
10295
10536
10372
10133
9919
9814
9692
9559
9454
9373
9357
9488
9654
9799
9920
10118
10333
10584
10367
10211
10087
9954
9817
9709
9605
9518
9580
9677
9729
9766
9710
9711
9765
9777
9802
9837
9893
9992
10100
10181
10254
10347
10456
10560
10721
10501
10343
10156
10043
9966
9933
9853
9818
9814
9939
10125
10307
10548
10802
10582
10433
10265
10073
9926
9733
9490
9276
9499
9726
9487
9274
9047
8802
8680
8542
8551
8595
8618
8677
8783
8932
9100
8867
8686
8518
8382
8367
8343
8348
8357
8367
8452
8554
8805
9011
9241
9446
9195
8954
8806
8701
8651
8652
8673
8711
8806
8975
9214
9441
9191
9036
8834
8641
8553
8594
8696
8794
8951
9117
9358
9159
9383
9601
9790
10028
10220
10362
10533
10629
10750
10913
11094
11300
11489
11686
11872
12053
12262
12496
12283
12523
12746
12948
13126
13381
13192
13050
12952
12828
12726
12638
12541
12440
12339
12190
12029
11775
12008
11786
12034
11780
11569
11413
11230
11038
10866
10689
10504
10331
10220
10180
10099
10006
9948
9985
10066
10100
10179
10286
10522
10743
10511
10354
10178
9978
9772
9517
9290
9500
9690
9926
9692
9479
9284
9198
9120
9031
8883
8718
8700
8661
8598
8440
8300
8271
8294
8331
8489
8672
8859
9082
9285
9441
9548
9644
9764
9973
10089
10180
10327
10517
10762
10980
11215
11445
11220
11007
10856
10676
10455
10329
10153
10022
9900
9809
9746
9812
9939
10051
10176
10310
10482
10725
10949
11150
11345
11589
11366
11609
11365
11125
10906
10796
10675
10550
10453
10421
10330
10274
10197
10095
10070
10063
10103
10186
10321
10470
10651
10441
10222
10032
9867
9777
9704
9780
9892
9984
10031
10029
10016
10059
10115
10226
10389
10543
10717
10883
11061
11210
11327
11514
11736
11541
11390
11188
11031
10902
10878
10882
11015
11209
11388
11605
11856
11667
11455
11237
11068
10849
10659
10576
10472
10393
10360
10348
10354
10469
10609
10732
10863
11018
11238
11093
10983
10852
10697
10578
10506
10408
10421
10486
10612
10734
10885
11040
11196
11427
11181
11427
11628
11814
12024
11811
11573
11392
11224
11065
10999
10955
10966
10950
10925
10895
10857
10876
11026
11147
11342
11095
11348
11128
10943
10853
10716
10528
10350
10203
10083
10024
9950
9935
9929
9924
9994
10135
10253
10420
10537
10683
10936
10702
10577
10477
10363
10269
10183
10125
10008
9874
9887
9876
9882
9957
10075
10212
10460
10248
10097
9978
9850
9751
9677
9604
9606
9757
9943
10082
10176
10259
10327
10484
10616
10801
10948
11053
11180
11350
11529
11699
11889
12096
12294
12463
12600
12811
13061
12834
12752
12765
12728
12736
12772
12835
12959
13079
13208
13412
13597
13759
13832
13899
13937
13929
14028
14052
14122
14235
14373
14494
14634
14763
14917
15136
14990
14879
14747
14692
14654
14663
14716
14743
14881
15010
15168
15352
15540
15728
15896
16017
16093
16121
16056
15966
15838
15803
15823
15894
15985
16093
16192
16304
16547
16340
16100
15934
15756
15617
15514
15445
15471
15450
15439
15533
15658
15796
15943
16090
16272
16017
15833
15644
15426
15670
15427
15205
15092
14965
14821
14696
14579
14490
14426
14427
14551
14658
14912
15145
14943
14777
14680
14630
14623
14521
14441
14380
14430
14532
14630
14753
14877
15076
15292
15543
15774
15957
16125
16317
16086
15830
15630
15483
15298
15072
14859
14655
14506
14349
14212
14070
14002
13922
13877
13785
13703
13649
13656
13722
13801
13889
13977
14103
14264
14496
14705
14890
15070
15221
15400
15174
15385
15576
15792
15542
15313
15193
15098
14989
14900
14806
14777
14871
14944
15035
15162
15336
15415
15516
15635
15806
15991
16208
16034
15885
15740
15596
15487
15331
15130
14918
14681
14500
14278
14065
13874
13726
13587
13503
13439
13370
13358
13477
13567
13624
13640
13644
13687
13875
14098
13904
13754
13649
13553
13485
13448
13472
13555
13639
13798
14028
14239
14427
14526
14601
14670
14710
14799
14838
14984
15055
15151
15268
15403
15647
15404
15656
15415
15239
15186
15117
15195
15308
15400
15569
15755
15977
16221
15972
15775
15639
15535
15552
15560
15597
15638
15679
15737
15944
16187
16418
16673
16505
16756
16548
16353
16168
16076
16027
16033
16090
16120
16142
16184
16357
16501
16719
16495
16307
16264
16316
16413
16615
16848
16596
16405
16227
16058
15964
15942
15900
15769
15614
15454
15265
15124
15090
15081
15118
15198
15303
15394
15481
15596
15694
15939
15707
15454
15278
15120
14998
14923
14891
14764
14612
14478
14358
14270
14303
14365
14431
14497
14638
14796
14591
14422
14233
13997
14224
14475
14303
14550
14759
14981
14784
14609
14477
14400
14314
14248
14199
14207
14227
14378
14591
14772
14941
15145
15384
15155
15391
15636
15397
15189
15009
14814
14678
14551
14424
14335
14281
14302
14303
14281
14170
14035
13895
13726
13605
13529
13404
13307
13135
12968
12847
12835
12805
12783
12750
12782
12755
12712
12816
12955
13069
13219
13438
13188
13355
13544
13332
13181
13044
12939
12830
12750
12670
12607
12499
12343
12175
11992
11898
11711
11499
11344
11202
11069
10979
10898
10790
10699
10665
10602
10506
10484
10533
10541
10694
10891
11133
11384
11154
10952
10879
10867
10840
10872
10938
10985
10943
10895
10798
10729
10767
10730
10673
10633
10576
10508
10435
10427
10542
10598
10638
10825
10991
11174
11262
11325
11410
11513
11727
11481
11296
11125
10986
10968
10941
10989
11054
11268
11435
11587
11763
11995
11768
12015
11763
11521
11322
11114
10926
10733
10532
10343
10285
10289
10367
10516
10653
10423
10227
10075
9873
9698
9652
9591
9589
9588
9625
9737
9829
9898
9878
9834
9761
9737
9667
9547
9456
9472
9413
9371
9355
9321
9276
9296
9257
9202
9126
9127
9145
9199
9322
9492
9705
9893
10103
10345
10196
10043
9919
9820
9757
9674
9544
9369
9145
8910
8660
8499
8313
8183
8106
7991
7886
7824
7735
7666
7609
7683
7725
7841
8027
8172
8356
8576
8429
8377
8278
8128
8006
7912
7818
7762
7778
7774
7747
7631
7491
7346
7246
7253
7185
7142
7103
7110
7138
7184
7255
7312
7389
7407
7408
7556
7739
7901
8140
7911
7734
7618
7623
7619
7611
7632
7678
7799
7956
8093
8183
8228
8224
8244
8239
8291
8396
8463
8543
8716
8910
9156
8902
8779
8627
8443
8333
8293
8212
8119
8171
8173
8220
8295
8475
8686
8446
8191
7949
7707
7503
7374
7317
7240
7140
7016
6863
6759
6700
6595
6440
6210
6005
5805
5651
5539
5445
5333
5210
5083
4984
4909
4899
4830
4908
4965
4998
5048
5142
5141
5114
5109
5123
5248
5425
5615
5414
5209
5033
4861
4690
4554
4398
4197
3948
4199
4409
4632
4864
4677
4499
4376
4305
4254
4219
4315
4473
4599
4684
4757
4975
5227
5429
5676
5420
5192
5093
5055
5013
4956
4958
4973
4997
5022
5081
5215
5330
5422
5425
5404
5377
5321
5314
5352
5340
5357
5481
5530
5558
5591
5670
5791
5930
6094
6244
6377
6529
6670
6807
7009
6846
6718
6607
6565
6428
6265
6124
6035
5960
5917
5995
6064
6208
6387
6518
6637
6741
6869
6904
6901
6911
6943
6984
7076
7160
7239
7309
7510
7261
7495
7291
7046
7301
7189
7121
7006
6841
6685
6557
6460
6359
6243
6186
6142
6107
6073
6114
6226
6319
6389
6370
6322
6224
6051
5883
5757
5652
5573
5476
5387
5287
5215
5084
4937
4937
4972
4982
4897
4787
4788
4841
4955
5082
5330
5569
5804
5553
5377
5181
4936
5110
5259
5465
5212
5429
5659
5898
6110
6314
6538
6778
7013
6793
6704
6677
6618
6629
6628
6662
6791
6964
7182
7409
7664
7438
7240
7027
6873
6719
6637
6531
6419
6356
6321
6393
6390
6433
6494
6580
6652
6744
6825
6901
7002
7226
7433
7616
7846
7981
8168
8416
8165
8035
7896
7786
7702
7622
7617
7761
7858
7943
8013
8136
8221
8265
8322
8400
8521
8651
8833
8988
9163
9354
9558
9733
9875
10088
10260
10420
10615
10393
10215
10142
10198
10313
10441
10578
10753
10905
11033
11156
11327
11452
11606
11355
11541
11773
11535
11318
11210
11128
11032
10955
10874
10821
10833
10828
10970
11088
11223
11394
11634
11409
11227
11020
10835
10761
10748
10726
10700
10699
10773
10996
11174
11304
11419
11623
11734
11820
11915
12103
12313
12532
12290
12040
11806
11567
11341
11086
10901
10755
10645
10680
10749
10913
11122
11341
11153
10996
10968
11001
11030
11044
11117
11203
11364
11505
11623
11652
11657
11657
11628
11644
11614
11612
11717
11827
11979
12149
11916
11669
11916
11671
11434
11186
11003
10943
10866
10936
11041
11122
11220
11387
11597
11782
11985
11787
11650
11527
11525
11527
11529
11606
11832
11582
11824
12021
12169
12341
12420
12474
12585
12658
12744
12885
13077
13242
13399
13175
13430
13247
13135
12982
12863
12839
12768
12647
12571
12600
12660
12779
12911
13081
13231
13358
13396
13405
13463
13566
13623
13630
13744
13883
14027
14213
14420
14613
14789
14984
15168
15348
15556
15317
15531
15728
15560
15461
15405
15254
15078
14924
14788
14763
14752
14862
15001
15144
15287
15447
15244
15021
15265
15461
15645
15814
16007
16107
16264
16379
16504
16722
16479
16721
16955
17209
16967
16720
16604
16550
16467
16458
16520
16570
16659
16783
16942
17050
17263
17025
16846
16680
16515
16425
16312
16110
15879
16110
15858
15713
15547
15406
15286
15192
15084
14958
14852
14735
14613
14556
14483
14557
14708
14876
15080
14841
14624
14518
14473
14441
14400
14355
14339
14327
14316
14380
14479
14558
14726
14801
14851
14958
15027
15189
15360
15586
15351
15601
15846
16083
15865
15778
15658
15612
15525
15426
15363
15395
15380
15410
15468
15631
15411
15187
14948
14722
14505
14288
14109
14002
13875
13724
13568
13366
13189
13016
12889
12805
12830
12841
12871
12966
13184
13386
13623
13416
13256
13001
13233
13483
13273
13124
13007
13011
13041
13075
13184
13328
13452
13531
13599
13691
13872
13960
14057
14247
14459
14714
14466
14273
14071
13889
13724
13554
13396
13300
13175
13038
12937
12880
12776
12681
12691
12729
12896
13059
13231
13314
13368
13470
13526
13611
13803
13974
14150
14372
14615
14363
14220
14085
13946
13835
13789
13684
13614
13523
13449
13444
13482
13425
13387
13460
13546
13623
13696
13844
14009
14154
14254
14306
14343
14469
14502
14510
14571
14594
14575
14566
14650
14755
14869
14956
15060
15159
15249
15396
15556
15335
15081
14898
14674
14438
14237
14071
13854
13682
13538
13425
13340
13268
13196
13159
13102
13094
13114
13159
13209
13305
13443
13607
13753
13919
14074
14224
14399
14639
14490
14376
14339
14319
14335
14420
14552
14589
14648
14768
14901
15066
15227
15414
15164
14949
15201
15405
15597
15696
15770
15901
16085
16282
16500
16249
16053
15830
15599
15359
15176
15006
14967
15002
15107
15248
15423
15181
14984
14815
14775
14731
14672
14672
14706
14721
14713
14681
14643
14576
14558
14585
14719
14778
14816
14879
14947
15036
15142
15274
15388
15625
15497
15348
15175
15079
15019
15006
15036
14971
14881
14813
14763
14824
14937
15171
14922
14674
14501
14345
14338
14366
14374
14337
14252
14155
14043
13955
13956
13864
13747
13683
13712
13763
13869
14026
14175
14344
14529
14709
14946
15154
15330
15576
15781
15619
15492
15410
15337
15295
15382
15465
15533
15602
15709
15793
15853
15907
15932
15986
16147
16233
16365
16522
16665
16791
16925
17048
17199
17374
17614
17465
17257
17084
16890
16672
16531
16458
16432
16450
16589
16719
16845
17000
17180
17364
17111
17322
17521
17705
17913
17698
17458
17275
17145
16977
16767
16570
16346
16114
15898
15674
15507
15352
15328
15272
15290
15378
15425
15460
15534
15753
15555
15310
15527
15772
15610
15507
15413
15319
15260
15276
15272
15245
15213
15152
15016
14859
14707
14576
14462
14457
14478
14485
14474
14471
14493
14580
14608
14619
14606
14640
14717
14769
14843
14935
15079
15237
15391
15574
15774
16009
16199
16341
16458
16628
16756
16977
17220
17006
16765
16515
16285
16050
15872
15707
15616
15564
15547
15675
15838
15954
16115
16285
16483
16274
16096
15946
15855
15777
15733
15764
15867
15950
16010
15981
15928
15870
15783
15741
15653
15593
15458
15348
15243
15184
15146
15217
15270
15343
15405
15495
15609
15788
16002
16192
15947
15745
15960
16150
16362
16592
16421
16311
16215
16115
16044
15977
15985
16010
16070
16037
15979
15978
16030
16040
16143
16289
16444
16654
16404
16639
16894
16653
16404
16167
16413
16627
16399
16159
15955
15785
15710
15679
15598
15562
15631
15727
15884
16037
16203
16378
16628
16859
17084
17260
17031
17239
17426
17638
17855
18089
17920
17771
17630
17478
17391
17427
17446
17542
17674
17875
18119
18268
18469
18702
18926
19154
18945
18885
18861
18861
18836
18867
18951
18994
19046
19149
19244
19334
19415
19553
19704
19474
19727
19542
19427
19351
19311
19366
19370
19419
19478
19568
19685
19815
20017
20196
20286
20352
20389
20471
20503
20460
20442
20429
20462
20516
20595
20660
20708
20784
20925
20677
20882
21122
21341
21535
21294
21089
20953
20864
20749
20745
20793
20902
21040
21253
21483
21350
21206
21047
20912
20866
20727
20644
20614
20546
20437
20341
20254
20210
20175
20195
20267
20312
20348
20458
20639
20859
21114
20892
20765
20587
20454
20331
20313
20326
20366
20535
20689
20902
21124
21347
21550
21730
21905
22051
22151
22358
22490
22647
22850
23070
22887
22700
22541
22406
22255
22251
22226
22176
22203
22266
22398
22573
22653
22708
22785
22880
23027
22783
22530
22785
22554
22323
22109
21931
21706
21944
22171
22383
22172
22054
21957
21903
21858
21805
21768
21744
21782
21791
21874
21916
21946
22015
22229
22477
22308
22183
22011
21789
21576
21468
21391
21342
21306
21279
21252
21297
21319
21335
21322
21354
21340
21277
21321
21290
21284
21282
21323
21381
21465
21568
21679
21855
21642
21576
21486
21473
21477
21517
21626
21757
21906
21654
21416
21210
21000
20794
20623
20432
20194
19945
19720
19914
20083
20308
20492
20689
20895
20682
20512
20351
20245
20112
19971
19850
19745
19635
19517
19456
19526
19658
19864
19628
19380
19277
19209
19236
19307
19423
19567
19816
19682
19609
19595
19492
19365
19232
19148
19109
19024
18889
18734
18604
18478
18398
18304
18193
18090
17982
17902
17887
17813
17723
17780
17872
17939
18050
18179
18419
18673
18447
18342
18262
18186
18127
18217
18343
18449
18506
18587
18757
18834
18873
18871
18882
18914
18989
19073
19212
19324
19456
19605
19745
19942
20152
20329
20580
20390
20188
20025
19897
19914
20026
20091
20106
20130
20182
20219
20269
20328
20388
20486
20659
20812
20942
20983
21000
21066
21082
21123
21169
21261
21395
21555
21701
21829
21977
22114
22279
22468
22268
22215
22141
22144
22165
22222
22322
22327
22307
22305
22414
22575
22797
23033
22878
22719
22589
22459
22404
22366
22477
22568
22614
22645
22700
22844
22963
23135
23269
23362
23498
23643
23779
23932
24080
24290
24471
24726
24539
24311
24071
23870
23705
23685
23614
23588
23572
23685
23783
23940
24172
23963
23735
23484
23656
23799
23990
24210
24455
24704
24487
24379
24254
24148
24031
23910
23817
23789
23702
23598
23473
23366
23327
23332
23355
23439
23537
23667
23822
23978
24209
23963
24181
24387
24617
24822
24572
24375
24140
23914
23731
23603
23527
23424
23312
23195
23135
23088
23103
23089
23149
23279
23368
23496
23719
23474
23274
23084
22922
22889
22917
22958
23008
23058
23183
23219
23250
23329
23453
23531
23560
23617
23781
23870
23964
24104
24265
24451
24620
24808
24985
25190
25420
25203
25133
25098
25080
25131
25225
25224
25198
25194
25208
25283
25372
25493
25605
25721
25837
25970
25740
25975
26165
26379
26500
26580
26673
26859
27066
27316
27063
26865
26687
26526
26356
26243
26192
26112
26020
25964
25942
25965
26016
26098
26208
26447
26682
26902
27135
27368
27127
26921
26790
26730
26651
26549
26423
26291
26208
26170
26111
26077
26064
26160
26282
26390
26480
26590
26695
26828
27026
27165
27288
27446
27579
27781
28030
27810
28007
28226
28044
27914
27816
27709
27603
27514
27380
27197
27038
26936
26887
26800
26671
26555
26532
26564
26569
26566
26583
26616
26644
26729
26827
26999
27241
27442
27631
27859
27611
27508
27439
27465
27444
27373
27347
27349
27456
27594
27717
27849
27981
28188
28306
28400
28465
28579
28738
28851
28889
28931
29019
29093
29150
29226
29310
29383
29484
29610
29859
30049
30222
30030
29873
29695
29493
29359
29272
29229
29160
29202
29296
29511
29722
29959
30200
30441
30187
30082
29957
29785
29568
29375
29601
29786
30022
30231
30432
30649
30861
30618
30506
30353
30188
30062
29971
29924
29826
29738
29678
29723
29799
29902
30066
30226
30395
30639
30864
31066
31179
31286
31442
31626
31405
31621
31817
32017
32238
32056
31860
31653
31511
31492
31457
31569
31716
31842
31943
32121
32335
32106
31924
31764
31622
31601
31571
31570
31573
31577
31598
31768
31891
31999
32014
32085
32209
32292
32388
32493
32691
32911
32662
32898
32642
32402
32154
31963
31784
31667
31521
31449
31448
31482
31551
31715
31923
32159
32012
31865
31790
31695
31511
31303
31066
30874
30633
30829
31050
30805
30602
30420
30347
30260
30169
30102
30182
30241
30336
30475
30519
30581
30754
30979
30753
30541
30320
30103
29886
29744
29619
29643
29619
29583
29532
29505
29385
29308
29286
29316
29319
29313
29327
29358
29384
29401
29475
29680
29435
29673
29473
29344
29174
29149
29219
29242
29214
29217
29248
29408
29564
29705
29905
30105
30343
30141
29919
29674
29852
30001
30130
30305
30501
30714
30524
30360
30182
29986
29810
29642
29469
29361
29376
29370
29340
29346
29395
29463
29642
29882
29642
29393
29169
28946
28798
28667
28685
28738
28771
28757
28695
28618
28565
28487
28465
28453
28462
28514
28575
28688
28858
29040
29284
29516
29275
29179
29127
29028
28974
28930
28914
29003
29119
29296
29458
29679
29909
30140
29897
29688
29554
29397
29151
28900
28694
28442
28652
28787
28968
29192
29437
29187
29432
29184
28932
28803
28615
28462
28288
28182
28123
27969
27926
27935
27935
27931
27956
27985
28089
28210
27968
28218
28421
28576
28716
28763
28785
28863
28903
28956
29019
29103
29179
29271
29358
29502
29659
29435
29273
29082
28961
28799
28732
28618
28454
28299
28172
28076
28008
27925
27901
27915
27963
28086
28281
28456
28607
28753
28870
29035
29151
29374
29576
29783
30011
30256
30509
30751
30506
30326
30087
29995
29878
29779
29716
29721
29770
29724
29652
29602
29571
29592
29626
29692
29879
30057
30261
30469
30677
30902
30764
30662
30540
30371
30190
29994
29822
30069
30275
30494
30294
30115
29991
29859
29747
29651
29547
29574
29675
29846
30005
30203
30034
29900
29719
29583
29552
29548
29673
29859
30030
30214
30407
30601
30775
30926
30988
31026
31113
31307
31547
31317
31108
31008
30894
30763
30651
30564
30512
30537
30579
30657
30757
30978
31190
31398
31632
31883
31771
31694
31597
31453
31264
31164
31117
31029
30954
30972
31033
31089
31136
31196
31223
31324
31496
31656
31855
32089
31956
31858
31855
31896
31890
31833
31786
31767
31853
31970
32148
32339
32568
32356
32121
32309
32473
32232
32428
32604
32784
33007
33251
33000
32858
32699
32529
32354
32207
32125
32190
32290
32369
32525
32699
32941
33158
33397
33142
32998
32906
32875
32876
32998
33111
33220
33355
33494
33613
33687
33746
33829
33819
33865
33964
34025
34099
34195
34334
34482
34603
34715
34844
34968
35149
35404
35217
34989
34749
34545
34486
34461
34531
34645
34787
35034
34828
34635
34477
34394
34382
34347
34361
34329
34325
34428
34456
34530
34622
34700
34760
34840
34928
35139
35333
35162
35068
34879
34704
34520
34361
34277
34342
34360
34353
34399
34407
34374
34434
34545
34673
34796
34886
34935
34972
35048
35160
35367
35527
35636
35755
35901
36043
36244
36454
36665
36914
36685
36433
36604
36770
36984
37152
37271
37315
37338
37382
37535
37714
37879
38026
38193
38349
38500
38676
38793
38893
38972
39069
39213
39409
39214
39010
38955
38935
38895
38810
38677
38532
38476
38477
38491
38514
38630
38789
39000
39227
39449
39216
39045
38842
38709
38615
38666
38752
38933
39158
39336
39463
39635
39835
39628
39452
39304
39152
39059
39004
39024
38955
38880
38776
38721
38616
38618
38645
38690
38844
38984
39106
39248
39418
39612
39417
39369
39356
39322
39264
39283
39338
39436
39439
39553
39728
39512
39325
39139
39102
39045
38943
38829
38700
38595
38579
38470
38336
38259
38235
38169
38116
38073
38051
38072
38102
38152
38197
38234
38328
38393
38425
38531
38708
38924
38673
38431
38217
38108
37984
37919
37867
37890
37985
38056
38098
38185
38300
38340
38360
38405
38496
38608
38737
38975
38727
38498
38258
38014
37798
37705
37595
37632
37704
37755
37782
37852
37827
37913
38051
38250
38058
37862
37692
37526
37360
37211
37211
37191
37160
37218
37251
37340
37388
37445
37545
37654
37736
37880
37983
38074
38310
38078
38311
38494
38738
38978
38740
38577
38486
38371
38227
38131
38080
37983
37911
37882
37874
37975
38062
38138
38209
38345
38465
38564
38638
38759
38924
39141
38907
38705
38494
38287
38080
38022
38000
37933
37817
37690
37548
37495
37404
37326
37257
37281
37314
37402
37542
37655
37788
37937
38081
38238
38014
37761
37987
37772
37545
37357
37314
37366
37367
37396
37530
37660
37849
38051
38254
38437
38531
38620
38757
38845
38961
39184
39412
39174
38978
38800
38731
38687
38626
38584
38531
38474
38445
38440
38582
38759
38915
39107
39346
39117
38910
38814
38770
38739
38740
38732
38725
38735
38780
38805
38783
38713
38628
38567
38595
38598
38657
38678
38709
38783
38866
39004
39133
39282
39448
39609
39389
39243
39136
39174
39256
39291
39275
39304
39343
39413
39510
39736
39511
39282
39112
38955
38807
38697
38568
38415
38256
38068
37929
37835
37848
37886
37928
38079
38216
38373
38538
38692
38841
39018
38806
39047
38923
38834
38721
38685
38666
38716
38813
38815
38791
38789
38898
39059
39281
39535
39780
40026
40259
40435
40586
40721
40877
41112
41292
41524
41734
41948
41692
41452
41225
41023
40799
40590
40428
40301
40305
40283
40278
40408
40486
40453
40438
40437
40461
40580
40727
40849
40996
41142
41323
41125
40919
40733
40522
40777
40540
40378
40224
40095
40012
39920
39810
39720
39638
39584
39513
39421
39305
39266
39295
39371
39422
39495
39629
39884
40130
40375
40611
40364
40183
39945
40174
40296
40367
40383
40450
40424
40423
40404
40380
40329
40325
40341
40340
40264
40319
40435
40686
40885
40973
41075
41272
41497
41697
41444
41324
41184
41019
41257
41031
41275
41022
40773
40544
40390
40244
40123
40048
40002
39946
39885
39947
39950
39932
39991
40097
40280
40358
40408
40467
40553
40664
40797
41041
41276
41523
41290
41045
41255
41448
41621
41816
41578
41391
41228
41044
40864
40725
40611
40590
40564
40585
40626
40592
40593
40611
40690
40801
40801
40818
40849
40906
41058
41255
40999
41230
40974
40739
40500
40296
40225
40129
39984
39833
39653
39522
39436
39457
39457
39482
39550
39639
39745
39877
39995
40132
40275
40407
40525
40703
40847
41059
41212
41395
41645
41867
42098
42316
42063
41809
41625
41507
41376
41220
41469
41702
41915
41695
41935
42120
42212
42313
42452
42608
42789
43017
43170
43294
43450
43645
43729
43827
43950
44048
44171
44315
44494
44648
44753
44850
44990
45105
45224
45363
45552
45787
46012
46192
46378
46553
46751
46969
46735
46978
47208
47053
46919
46862
46700
46510
46329
46175
46068
45986
46015
46035
46096
46156
46245
46322
46292
46245
46178
46133
46167
46225
46292
46400
46525
46663
46894
47136
47351
47586
47430
47303
47159
46989
46880
46906
46964
47065
47114
47180
47272
47459
47691
47439
47674
47905
47757
47584
47383
47129
46895
46713
46580
46401
46226
46126
46034
45967
45946
45930
45904
45938
46028
46105
46123
46171
46286
46296
46278
46307
46362
46446
46521
46583
46686
46788
46923
47087
47320
47541
47705
47852
47979
48128
48225
48374
48501
48632
48772
48954
49174
49419
49245
49049
48864
48674
48504
48363
48205
47972
47773
47545
47334
47258
47225
47231
47262
47306
47395
47544
47721
47922
48119
48333
48582
48452
48294
48086
48337
48120
47877
47686
47499
47387
47283
47204
47175
47192
47199
47161
47113
47125
47193
47326
47446
47507
47602
47764
47541
47339
47145
47002
46970
46928
46927
46959
47060
47149
47131
47093
47076
47138
47149
47105
47112
47143
47153
47070
46996
46938
46973
47023
47085
47142
47172
47222
47393
47592
47774
47991
47827
47680
47594
47456
47207
46975
46757
46565
46468
46416
46423
46458
46518
46599
46679
46755
46866
46953
46987
47013
47019
47045
46962
46931
46854
46781
46716
46676
46682
46643
46610
46563
46535
46567
46656
46813
47035
47244
47394
47611
47849
47652
47427
47211
47022
46858
46805
46743
46672
46630
46575
46463
46326
46082
46334
46534
46679
46848
47021
47203
47427
47667
47920
47686
47545
47386
47242
47109
46971
46806
46688
46590
46613
46665
46700
46660
46654
46779
46875
47032
47221
47453
47633
47830
48053
47859
47678
47525
47367
47184
47026
46867
46704
46600
46468
46287
46053
45811
45589
45341
45563
45789
46035
45844
45678
45503
45357
45216
45065
44900
44758
44676
44559
44404
44318
44219
44061
43936
43878
43829
43807
43810
43843
43863
43895
43918
43973
44098
44166
44209
44145
44064
44005
43997
44013
43936
43868
43842
43854
43882
43925
43963
44021
44200
44362
44559
44730
44918
45138
44889
44679
44870
45075
45305
45083
44836
44585
44350
44174
44033
44025
43989
43904
43766
43608
43470
43223
43446
43623
43804
43548
43300
43554
43763
43995
43775
43521
43741
43948
44188
43946
44188
44439
44225
44036
43877
43829
43768
43719
43669
43610
43580
43620
43647
43654
43740
43878
44020
44178
44349
44101
44347
44571
44806
45036
45239
45051
44892
44716
44574
44563
44523
44526
44546
44592
44733
44919
45164
44925
44682
44926
44674
44881
45069
45300
45506
45603
45752
45858
45979
46104
46250
46404
46607
46765
46952
47145
47327
47532
47699
47853
48074
47910
47767
47596
47434
47299
47214
47151
47118
47196
47286
47405
47590
47718
47821
47904
47935
47990
48024
47965
47910
47864
47911
47936
47976
48027
48125
48243
48286
48460
48609
48775
48973
49119
49282
49471
49243
49060
48936
48840
48740
48615
48514
48434
48354
48333
48347
48494
48616
48710
48751
48773
48838
48923
48983
49095
49255
49430
49609
49863
49613
49388
49630
49380
49186
48958
48798
48579
48394
48239
48151
48190
48237
48311
48436
48608
48809
48609
48400
48178
48022
47809
48001
48214
48376
48542
48717
48933
49166
49412
49171
49023
48856
48667
48493
48331
48164
48044
48045
48029
47938
47818
47759
47835
47950
47954
47975
48022
48164
48319
48498
48673
48868
49038
49260
49018
49246
49478
49273
49093
48959
48780
48590
48460
48292
48193
48159
48112
48006
47933
47890
47742
47566
47441
47363
47307
47241
47162
47074
47019
46993
46954
46858
46737
46509
46265
46513
46270
46488
46651
46865
47103
47320
47541
47291
47134
46955
46771
46634
46526
46549
46546
46514
46543
46707
46910
47127
47370
47196
47067
46997
46923
46824
46746
46667
46605
46578
46684
46740
46840
46992
47192
47350
47462
47589
47791
48018
47782
47592
47393
47223
47058
46916
46740
46629
46548
46594
46535
46526
46539
46543
46534
46537
46531
46557
46612
46655
46641
46610
46601
46616
46609
46509
46451
46409
46460
46526
46639
46873
46624
46870
47041
47246
47070
46865
46677
46528
46327
46140
46048
45969
45935
45961
46011
46061
46107
46103
46091
46060
46072
46059
45937
45863
45839
45861
45838
45804
45756
45731
45766
45866
45907
45982
46124
46274
46451
46675
46921
47158
47382
47618
47383
47139
46927
46785
46586
46362
46159
46035
45860
45630
45819
46017
46256
46008
46254
46003
45747
45976
46225
46083
45969
45890
45942
45968
46011
46115
46251
46335
46308
46299
46304
46322
46385
46507
46657
46803
46924
47069
47235
47436
47258
47056
46826
47055
47264
47493
47697
47792
47935
48153
47909
47694
47484
47264
47067
46930
46755
46648
46606
46551
46526
46568
46619
46697
46822
46969
47145
47312
47466
47632
47839
48045
48242
48472
48259
48501
48718
48919
49141
48930
48771
48636
48408
48218
48053
47981
47890
47777
47679
47593
47502
47532
47487
47476
47596
47691
47757
47884
47634
47426
47678
47436
47219
47097
47020
47003
46981
46984
46986
46984
46999
47147
47270
47385
47481
47597
47687
47668
47701
47783
47822
47936
48100
48310
48510
48665
48849
49039
49215
49447
49232
49470
49230
49020
48877
48861
48866
48948
49038
49155
49323
49516
49731
49976
50208
50452
50243
50001
50210
50455
50670
50417
50165
49930
49733
49552
49384
49309
49246
49156
49113
49090
49188
49314
49423
49503
49644
49817
50029
50178
50332
50499
50710
50941
51187
50969
50735
50481
50252
50148
50074
49964
49805
49638
49451
49239
49079
48967
48859
48826
48801
48801
48756
48740
48730
48709
48674
48662
48710
48815
48988
49226
48982
48865
48720
48626
48579
48557
48557
48668
48770
48859
48947
49026
49138
49319
49566
49801
49979
50132
50224
50304
50356
50444
50548
50601
50671
50784
50936
51075
51155
51217
51258
51307
51381
51484
51571
51585
51625
51725
51843
52024
52225
52441
52197
52448
52679
52919
52674
52425
52301
52148
51948
51735
51554
51315
51526
51314
51077
50836
50629
50452
50280
50111
49899
49653
49472
49232
49059
49013
49044
48970
48904
48865
48877
48936
49106
49266
49438
49601
49793
49543
49792
50016
50213
50445
50693
50912
51006
51144
51322
51450
51524
51596
51729
51873
52004
52139
52257
52354
52459
52589
52772
53004
53191
52989
52771
52992
53236
53024
53265
53443
53634
53868
54122
53916
53737
53547
53382
53247
53096
53336
53529
53660
53811
53855
53896
53967
54041
54146
54263
54485
54732
54958
55093
55285
55444
55566
55701
55870
56070
56210
56360
56516
56751
56995
56778
56553
56341
56117
55936
55817
55665
55477
55232
55438
55632
55861
56106
56226
56387
56497
56553
56610
56665
56737
56870
57008
57188
57407
57567
57710
57832
58007
57793
57608
57862
57630
57421
57269
57134
57062
56931
56805
56722
56659
56615
56586
56540
56474
56397
56345
56315
56410
56489
56533
56548
56599
56625
56651
56711
56801
56899
56971
57013
57046
56988
56896
56767
56698
56657
56647
56628
56568
56525
56470
56427
56446
56524
56569
56553
56525
56470
56450
56446
56317
56232
56188
56144
56111
56019
55910
55809
55733
55615
55620
55609
55654
55717
55843
55906
55974
56085
56215
56325
56443
56588
56729
56483
56267
56035
56194
56306
56454
56540
56715
56910
57080
57143
57206
57303
57430
57565
57705
57922
58113
58261
58440
58631
58731
58892
59016
59185
59385
59525
59744
59502
59284
59079
58866
58641
58428
58274
58087
57864
58096
58316
58571
58330
58133
57977
57819
57678
57542
57417
57279
57156
57012
56991
56999
57033
57127
57162
57202
57285
57388
57506
57676
57895
58094
58301
58534
58789
58657
58509
58332
58546
58713
58822
59020
59193
59362
59561
59769
59998
59792
59556
59323
59081
59308
59054
58812
58595
58799
58966
59178
58937
58724
58521
58324
58148
58051
57963
57904
57869
57793
57734
57666
57611
57599
57649
57757
57804
57824
57860
57940
58060
58126
58193
58264
58346
58415
58463
58564
58715
58821
58950
59135
59338
59092
58859
58669
58498
58335
58168
57990
57837
57706
57605
57468
57284
57038
56789
56570
56359
56169
56056
55917
55781
55636
55448
55365
55261
55218
55233
55214
55240
55326
55443
55500
55566
55638
55732
55850
55959
56027
56108
56181
56266
56394
56584
56833
57049
57229
57352
57463
57590
57761
57932
58120
58319
58561
58790
59034
59260
59465
59678
59916
59695
59524
59336
59175
59074
58986
58918
58868
58870
58921
58980
59028
59101
59196
59416
59666
59880
60066
60131
60182
60269
60298
60348
60475
60575
60682
60793
60895
60954
60992
60939
60943
60910
60937
60998
61090
61122
61164
61212
61339
61517
61719
61934
62141
62391
62191
62049
61875
61665
61427
61205
61370
61579
61829
62028
62228
61977
61737
61536
61339
61124
60888
60660
60457
60307
60112
59946
59764
59509
59280
59111
58960
58872
58724
58581
58451
58365
58297
58281
58314
58330
58355
58407
58455
58525
58720
58899
59064
59262
59401
59629
59832
59928
60058
60196
60308
60390
60479
60525
60595
60726
60824
60967
61138
61343
61558
61802
61558
61305
61065
60887
60677
60431
60639
60786
60949
61156
61362
61117
60883
60691
60538
60372
60221
60074
59910
59725
59495
59388
59208
59054
58960
58923
58903
58824
58750
58719
58708
58716
58739
58814
58937
59044
59159
59301
59432
59588
59357
59603
59820
60024
60166
60328
60465
60602
60736
60903
61100
61306
61517
61701
61855
62016
62168
62277
62491
62672
62816
63005
63253
63024
62826
63013
63209
63414
63648
63422
63187
63423
63672
63422
63234
63104
62942
62744
62518
62263
62052
62302
62057
61873
61728
61570
61353
61161
61022
60933
60802
60626
60513
60337
60174
60055
59954
59868
59834
59849
59872
59922
59961
60025
60214
60368
60493
60497
60454
60398
60378
60390
60344
60387
60405
60316
60260
60234
60213
60213
60290
60371
60443
60472
60532
60604
60585
60627
60726
60792
60821
60863
60950
61065
61214
61394
61447
61522
61648
61791
61922
62065
62270
62443
62580
62656
62702
62623
62494
62382
62274
62177
62067
61972
61881
61773
61644
61568
61541
61473
61528
61510
61515
61580
61701
61840
61919
61935
61956
61997
62057
62132
62259
62434
62593
62732
62879
63015
63176
62950
62696
62907
63154
63342
63468
63683
63873
64063
64250
64470
64699
64898
65104
65341
65535
65535
65535
65501
65430
65372
65374
65404
65465
65399
65342
65291
65292
65252
65228
65217
65268
65286
65268
65238
65244
65220
65071
64963
64804
64591
64379
64228
64116
63945
63778
63590
63427
63313
63158
62930
62728
62586
62501
62433
62428
62364
62305
62264
62275
62335
62403
62467
62520
62602
62668
62699
62609
62505
62343
62119
61984
61824
62069
62314
62555
62318
62086
61875
61637
61881
62132
62387
62599
62842
63097
62945
62702
62516
62297
62091
61913
61769
61656
61483
61320
61181
61033
60902
60762
60635
60570
60469
60310
60090
59843
60078
60188
60248
60308
60429
60561
60736
60898
61064
61238
61395
61579
61786
61537
61351
61102
60897
60740
60567
60374
60189
60000
59833
59791
59733
59640
59518
59275
59497
59243
59022
59251
59057
58838
58619
58396
58182
57973
57785
57674
57533
57349
57144
56996
56893
56850
56841
56863
56825
56660
56505
56356
56198
56053
55896
55752
55651
55608
55533
55400
55206
55000
54830
54676
54909
54674
54439
54203
53984
53769
53565
53404
53282
53168
53103
52997
52846
52721
52619
52577
52553
52469
52322
52180
52082
52002
51937
51924
51907
51912
52042
52202
52346
52369
52424
52421
52507
52568
52522
52472
52499
52496
52500
52495
52502
52534
52627
52686
52805
52958
53051
53154
53286
53469
53676
53842
54025
54199
54361
54536
54754
54522
54766
54982
55214
55392
55569
55788
55994
56141
56292
56493
56649
56416
56166
55939
55730
55584
55375
55179
55001
54838
54727
54665
54630
54617
54588
54523
54411
54286
54197
54140
54025
53848
53691
53509
53327
53142
52990
52843
52717
52561
52409
52214
52124
52013
51959
51872
51748
51637
51571
51564
51588
51485
51388
51313
51317
51330
51372
51465
51582
51658
51751
51857
51954
52039
52137
52297
52515
52701
52857
53057
53298
53488
53679
53868
54074
54319
54568
54330
54142
54077
54041
53988
53992
53933
53887
53893
53947
54010
54069
54116
54185
54284
54354
54303
54239
54207
54117
54116
54135
54047
53959
53880
53822
53841
53817
53824
53936
54072
54187
54211
54296
54439
54545
54730
54966
55194
55435
55222
54977
55208
55427
55618
55825
56003
56056
56058
56006
55953
55942
55970
55985
56015
56049
56062
56083
56129
56130
56254
56305
56416
56468
56457
56489
56540
56606
56655
56684
56739
56816
56772
56764
56788
56901
56989
57111
57263
57436
57579
57734
57482
57291
57157
56986
56828
56715
56637
56432
56236
56046
55878
55789
55729
55720
55728
55749
55761
55786
55854
55980
56074
56132
56132
56071
55998
55961
55940
55889
55879
55815
55751
55686
55682
55717
55739
55702
55669
55618
55546
55482
55471
55444
55443
55502
55618
55797
55916
55972
56033
56107
56225
56363
56516
56652
56768
56893
57045
57193
57366
57152
56922
57176
56954
56764
56512
56349
56161
56007
55861
55722
55587
55443
55256
55100
54923
55167
54960
54810
54673
54581
54524
54498
54345
54201
54136
54080
54053
54050
54039
54041
54034
54040
54108
54140
54160
54152
54019
53930
53882
53783
53630
53478
53324
53231
53079
52942
52784
52634
52509
52434
52385
52396
52344
52312
52299
52301
52283
52273
52259
52267
52400
52563
52690
52696
52689
52718
52779
52815
52848
52886
53001
53086
53174
53253
53289
53356
53435
53619
53828
54016
54113
54271
54395
54482
54614
54806
55032
55268
55510
55761
55551
55365
55192
55011
54842
54735
54592
54392
54643
54882
55091
55301
55509
55722
55946
55700
55458
55711
55943
55688
55482
55305
55188
55128
55131
55074
54954
54847
54759
54698
54633
54556
54509
54433
54236
53992
53784
53597
53410
53253
53101
52970
52916
52835
52724
52620
52520
52451
52487
52502
52426
52411
52359
52320
52340
52388
52467
52556
52666
52805
52996
53211
53417
53640
53854
54056
54271
54017
53825
53597
53823
53988
54189
54265
54385
54451
54517
54582
54708
54838
54979
55163
55326
55497
55626
55710
55917
56147
56395
56151
55922
55741
55540
55348
55183
55014
54870
54748
54656
54548
54404
54232
54096
53992
53830
53606
53402
53173
52944
52745
52551
52378
52282
52156
52037
51922
51764
51637
51571
51562
51613
51698
51814
51870
51936
52023
52189
52384
52631
52379
52627
52375
52185
51959
52188
52356
52512
52684
52731
52727
52669
52610
52568
52568
52555
52483
52394
52284
52182
52129
52031
52056
52110
52148
52113
52101
52149
52214
52292
52414
52588
52810
53012
53241
53466
53680
53916
53765
53643
53505
53354
53235
53137
53014
52924
52838
52743
52605
52498
52370
52151
51993
51801
51644
51518
51332
51531
51739
51953
51707
51452
51668
51876
52072
52280
52531
52329
52094
52314
52506
52714
52797
52830
52863
52895
52944
53054
53206
53397
53592
53795
53539
53333
53250
53196
53198
53263
53269
53212
53160
53151
53162
53192
53237
53334
53479
53608
53717
53834
53978
54111
54266
54450
54576
54640
54793
54966
55114
55262
55415
55589
55737
55855
55980
56108
56227
56303
56391
56584
56802
56983
57177
57430
57199
57353
57517
57760
57542
57795
57553
57302
57551
57301
57094
56949
56771
56557
56798
56978
57174
57340
57381
57421
57522
57627
57771
57919
58050
58160
58295
58479
58618
58368
58147
57910
58112
58340
58591
58387
58200
58076
57957
57847
57762
57802
57826
57729
57619
57545
57503
57403
57241
57099
56932
57170
57417
57669
57430
57268
57076
56887
56689
56522
56367
56317
56292
56176
56121
56079
56096
56144
56202
56251
56259
56259
56271
56345
56383
56360
56325
56326
56343
56235
56171
56147
56073
56016
55970
55966
55903
55823
55751
55704
55706
55663
55743
55807
55927
56065
56140
56220
56313
56426
56557
56703
56901
57083
57292
57497
57724
57468
57708
57913
57997
58034
58057
58018
58000
57957
57914
57904
57924
57949
57995
58015
58042
58060
58109
58170
58140
58171
58168
58210
58312
58442
58603
58704
58814
58930
59055
59209
59376
59531
59699
59925
60119
60277
60374
60506
60513
60564
60656
60694
60749
60865
61020
61179
61320
61440
61568
61721
61927
61671
61885
62054
62207
62287
62393
62522
62711
62957
62708
62912
63121
63350
63597
63381
63145
62917
62685
62930
63146
63300
63475
63543
63644
63775
63927
64156
64392
64632
64863
65106
64861
65037
65274
65057
64803
64562
64380
64233
64117
63941
64150
64365
64601
64846
65050
65271
65505
65535
65523
65535
65535
65502
65408
65287
65182
64952
64766
64529
64750
64972
64743
64518
64336
64193
64065
63941
63825
63734
63696
63707
63841
63902
64023
64207
64328
64469
64662
64839
64996
65149
65324
65483
65535
65506
65356
65242
65070
64987
64924
64836
64748
64657
64571
64562
64523
64491
64450
64433
64325
64278
64291
64244
64070
63905
63749
63622
63547
63496
63404
63325
63237
63137
63099
63029
62901
62746
62626
62522
62389
62643
62425
62669
62913
63162
62910
63111
63327
63084
62870
62639
62435
62254
62129
62067
61946
61762
61591
61438
61300
61189
